[case]
rpm = 1000
v_inf = 205.36211834574436

[rotor]
nblades = 4
diameter = 4.05
radius_hub = 0.2
section = NACA_63815 NACA_63815 NACA_63815 NACA_63815 NACA_63815 NACA_63815 NACA_63815 NACA_63815 NACA_63815 NACA_63815
radius = 0.2    0.3825 0.565  0.7475 0.93   1.1125 1.295  1.4775 1.66   1.8425
pitch = 88.1767967341275 82.96318568133903 77.92783604884629 73.13462059042304 68.62817603588574 64.43401166578806 60.56098762918913 57.004986117055914 53.75277481861629 50.7854321242995
chord = 0.3212697911229458 0.32138996839861284 0.3154744427934696 0.304898424409412 0.2910371233483362 0.2752657497121381 0.25895951360271374 0.24349362512195913 0.23024329437177035 0.22058373145404336
sweep = 0.0 0.0 0.0 0.0 0.0 10.881810115791296 19.58473929243556 25.611685966602252 30.48642268772688 34.630642640439184

[fluid]
mu = 1.802e-5
rho = 0.9743795742278691

[additionaldata]
machnumber = 0.62
altitude = 7620
numberofstations = 10

