
[case]
rpm = 1200
v_inf = 200

[rotor]
nblades = 6
diameter = 3.9
radius_hub = 0.3
section = NACA_63815 NACA_63815 NACA_63815 NACA_63815 NACA_63815 NACA_63815 NACA_63815 NACA_63815 NACA_63815 NACA_63815 NACA_63815 NACA_63815 NACA_63815 NACA_63815 NACA_63815 NACA_63815 NACA_63815
radius = 0.3   0.525 0.75  0.975 1.2   1.425 1.65  1.875 2.1   2.325 2.55  2.775 3.    3.225 3.45  3.675 3.9
chord  = 0.18141697 0.17157945 0.16092818 0.1496789  0.13804736 0.1262493 0.11450045 0.10301657 0.09201339 0.08170666 0.07231212 0.06404551 0.05712257 0.05175905 0.04817068 0.04657321 0.04718238
pitch = 85.553557109468 82.75433300959658 80.03254440963453 77.39676106545053 74.85357280139317 72.4076627024995 70.06195002150379 67.8177802348839 65.67514109546428 63.63288676620216 61.68895621193342 59.8405762027772 58.08444303472005 56.41688013482276 54.83397101516741 53.33166861916209 51.90588307937507



[fluid]
rho=0.552
mu=1.81e-5
