[case]
rpm = 1200
v_inf = 200

[rotor]
nblades = 6
diameter = 3.9
radius_hub = 0.2
section = NACA_63815 NACA_63815 NACA_63815 NACA_63815 NACA_63815 NACA_63815 NACA_63815 NACA_63815 NACA_63815 NACA_63815 NACA_63815 NACA_63815 NACA_63815 NACA_63815 NACA_63815 NACA_63815 NACA_63815
radius = 0.4    0.4875 0.575  0.6625 0.75   0.8375 0.925  1.0125 1.1    1.1875 1.275  1.3625 1.45   1.5375 1.625  1.7125 1.8
chord = 0.25627303982811334 0.2509643608626038 0.24573062534408055 0.240565372597779 0.23546214194893453 0.23041447272278265 0.22541590424455873 0.22045997583949825 0.21554022683283663 0.21065019654980932 0.20578342431565172 0.2009334494555993 0.19609381129488745 0.1912580491587517 0.1864197023724274 0.18157231026115 0.17670941215015493
pitch = 85.553557109468 82.75433300959658 80.03254440963453 77.39676106545053 74.85357280139317 72.4076627024995 70.06195002150379 67.8177802348839 65.67514109546428 63.63288676620216 61.68895621193342 59.8405762027772 58.08444303472005 56.41688013482276 54.83397101516741 53.33166861916209 51.90588307937507

[fluid]
rho = 1.225
mu = 1.802e-5

[additionaldata]
machnumber = 0.62
altitude = 1000

