[case]
rpm = 1200
v_inf =1


[rotor]
# 17 points
nblades = 6
diameter = 3.9
radius_hub = 0.375
section = NACA_63815 NACA_63815 NACA_63815 NACA_63815 NACA_63815 NACA_63815 NACA_63815 NACA_63815 NACA_63815 NACA_63815 NACA_63815 NACA_63815 NACA_63815 NACA_63815 NACA_63815 NACA_63815 NACA_63815 
radius = 0.4    0.4875 0.575  0.6625 0.75   0.8375 0.925  1.0125 1.1    1.1875 1.275  1.3625 1.45   1.5375 1.625  1.7125 1.8          
chord  = 0.3     0.29375 0.2875  0.28125 0.275   0.26875 0.2625  0.25625 0.25 0.24375 0.2375  0.23125 0.225   0.21875 0.2125  0.20625 0.2   
pitch = 45.     42.8125 40.625  38.4375 36.25   34.0625 31.875  29.6875 27.5 25.3125 23.125  20.9375 18.75   16.5625 14.375  12.1875 10.

[fluid]
rho=1.225
mu=1.802e-5 

[additionaldata]
Machnumber = 0.62 
altitude = 1000

