[case]
rpm = 1200
v_inf = 200

[rotor]
nblades = 12
diameter = 3.9
radius_hub = 0.2
section = NACA_63815 NACA_63815 NACA_63815 NACA_63815 NACA_63815 NACA_63815 NACA_63815 NACA_63815 NACA_63815 NACA_63815 NACA_63815 NACA_63815 NACA_63815 NACA_63815 NACA_63815 NACA_63815 NACA_63815
radius = 0.4    0.4875 0.575  0.6625 0.75   0.8375 0.925  1.0125 1.1    1.1875 1.275  1.3625 1.45   1.5375 1.625  1.7125 1.8
chord = 0.4010438526814772 0.3894542768957352 0.3768620700045265 0.36348235662211054 0.3495302613627466 0.33522090884069417 0.32076942367021255 0.3063909304655611 0.2923005538409992 0.2787134184107862 0.26584464878918146 0.25390936959044436 0.24312270542883424 0.23369978091861054 0.22585572067403253 0.21980564930935964 0.2157646914388512
pitch = 85.553557109468 82.75433300959658 80.03254440963453 77.39676106545053 74.85357280139317 72.4076627024995 70.06195002150379 67.8177802348839 65.67514109546428 63.63288676620216 61.68895621193342 59.8405762027772 58.08444303472005 56.41688013482276 54.83397101516741 53.33166861916209 51.90588307937507

[fluid]
rho = 1.225
mu = 1.802e-5

[additionaldata]
machnumber = 0.62
altitude = 1000

