[case]
rpm = 1000
v_inf = 205.36211834574436

[rotor]
nblades = 4
diameter = 4.05
radius_hub = 0.2
section = NACA_63815 NACA_63815 NACA_63815 NACA_63815 NACA_63815 NACA_63815 NACA_63815 NACA_63815 NACA_63815 NACA_63815
radius = [0.2    0.3825 0.565  0.7475 0.93   1.1125 1.295  1.4775 1.66   1.8425]
pitch = 88.1767967341275 82.96318568133903 77.92783604884629 73.13462059042304 68.62817603588574 64.43401166578806 60.56098762918913 57.004986117055914 53.75277481861629 50.7854321242995

[fluid]
mu = 1.802e-5

[additionaldata]
machnumber = 0.62
altitude = 7620
numberofstations = 10
rho = 0.9743795742278691

