[case]
rpm = 1200
v_inf = 210.23634463169302

[rotor]
nblades = 8
diameter = 3.9
radius_hub = 0.35
section = NACA_4412 NACA_4412 NACA_4412 NACA_4412 NACA_4412 NACA_4412 NACA_4412 NACA_4412 NACA_4412 NACA_4412 NACA_4412 NACA_4412 NACA_4412 NACA_4412 NACA_4412 NACA_4412 NACA_4412
radius = 0.4    0.4875 0.575  0.6625 0.75   0.8375 0.925  1.0125 1.1    1.1875 1.275  1.3625 1.45   1.5375 1.625  1.7125 1.8
chord = 0.020921981754505495 0.0361957145792654 0.05075229632185393 0.0643465907389442 0.07681547679137529 0.08806978246610175 0.09807457329380141 0.1068229399839252 0.11430650316849104 0.12048297293364438 0.1252380424869408 0.1283354872215671 0.1293440470458132 0.1275174269300358 0.12156559878547056 0.10910131843215609 0.08461919623833478
pitch = 92.18291742413881 87.18390559855031 82.3605436852618 77.76776499130014 73.44377269898719 69.41037414072585 65.67514109546428 62.23448219918586 59.07685960239889 56.185660806802765 53.54150315153294 51.12393629946159 48.912611154129266 46.88802336556137 45.0319417641025 43.32761665253266 41.7598421732957

[fluid]
rho = 1.225
mu = 1.802e-5

[additionaldata]
machnumber = 0.62
altitude = 1000
numberofstations = 17

