
[case]
rpm = 1200
v_inf = 200

[rotor]
nblades = 6
diameter = 3.9
radius_hub = 0.3
section = NACA_4412 GOE_450 GOE_450 GOE_450 GOE_450 GOE_450 GOE_408 GOE_408 GOE_408 GOE_408 GOE_408 GOE_408 GOE_408 GOE_408 GOE_408 GOE_408 GOE_408
radius = 0.3   0.525 0.75  0.975 1.2   1.425 1.65  1.875 2.1   2.325 2.55  2.775 3.    3.225 3.45  3.675 3.9
chord  = 0.39208154 0.38529495 0.37707179 0.36757811 0.35697993 0.3454433 0.33313425 0.32021882 0.30686304 0.29323295 0.27949459 0.26581399 0.25235719 0.23929023 0.22677913 0.21498994 0.2040887
pitch = 80.     77.8125 75.625  73.4375 71.25   69.0625 66.875  64.6875 62.5 60.3125 58.125  55.9375 53.75   51.5625 49.375  47.1875 45. 


[fluid]
rho=0.552
mu=1.81e-5
